0 0.534375 0.3515625 0.1359375 0.18125
0 0.3125 0.25859375 0.175 0.2109375
0 0.59609375 0.3984375 0.13125 0.146875
0 0.78515625 0.50625 0.1015625 0.1328125
0 0.16484375 0.2234375 0.1171875 0.1609375
0 0.20625 0.3 0.171875 0.2296875
0 0.640625 0.053125 0.0984375 0.096875
0 0.615625 0.51875 0.1296875 0.165625
0 0.78984375 0.65234375 0.084375 0.1140625
0 0.853125 0.73203125 0.165625 0.2140625
0 0.09453125 0.48828125 0.1515625 0.1875
0 0.359375 0.62265625 0.1734375 0.2125
0 0.82265625 0.896875 0.128125 0.165625
0 0.75078125 0.87265625 0.1140625 0.1296875
0 0.5421875 0.7953125 0.1421875 0.16875
0 0.0609375 0.58515625 0.1 0.1109375
0 0.43046875 0.88359375 0.1359375 0.1625
0 0.725 0.14921875 0.146875 0.1890625