0 0.69453125 0.3375 0.05625 0.1171875
0 0.48046875 0.4 0.0625 0.121875
0 0.821875 0.396875 0.0640625 0.121875
0 0.5515625 0.42109375 0.05 0.0765625
0 0.61953125 0.45625 0.0484375 0.0875
0 0.759375 0.46328125 0.0625 0.103125
0 0.8296875 0.515625 0.0609375 0.103125
0 0.23671875 0.79921875 0.059375 0.1046875
0 0.534375 0.87265625 0.071875 0.1109375
0 0.32578125 0.896875 0.0671875 0.1171875
0 0.42421875 0.9640625 0.046875 0.0671875
0 0.64921875 0.08515625 0.0375 0.078125
0 0.48828125 0.9875 0.0578125 0.021875