0 0.715625 0.1296875 0.1015625 0.109375
0 0.34609375 0.4046875 0.1171875 0.128125
0 0.44375 0.528125 0.071875 0.09375
0 0.68984375 0.48125 0.1140625 0.1140625
0 0.82890625 0.4234375 0.0875 0.1078125
0 0.19140625 0.87265625 0.1125 0.1140625
0 0.42109375 0.72890625 0.1546875 0.1703125
0 0.3625 0.80703125 0.0953125 0.1109375
0 0.4625 0.04765625 0.1625 0.0953125
0 0.4015625 0.97734375 0.146875 0.0421875
0 0.90625 0.80390625 0.0859375 0.078125
0 0.61328125 0.0515625 0.1421875 0.103125
0 0.01640625 0.4734375 0.0328125 0.15625