0 0.134375 0.3359375 0.0484375 0.08125
0 0.88203125 0.025 0.0515625 0.05
0 0.65390625 0.36015625 0.0546875 0.0890625
0 0.64296875 0.41328125 0.05 0.05625
0 0.16875 0.45703125 0.0421875 0.05625
0 0.36171875 0.05703125 0.0421875 0.0828125
0 0.52265625 0.04921875 0.0578125 0.0984375
0 0.37890625 0.515625 0.0328125 0.0765625
0 0.571875 0.5046875 0.0546875 0.0890625
0 0.46484375 0.55546875 0.0328125 0.06875
0 0.1140625 0.64140625 0.0328125 0.0578125
0 0.44140625 0.70078125 0.0625 0.1171875
0 0.14296875 0.103125 0.034375 0.0484375
0 0.95234375 0.79765625 0.0515625 0.0859375
0 0.7484375 0.8875 0.0625 0.0734375
0 0.609375 0.95234375 0.04375 0.075
0 0.478125 0.96640625 0.053125 0.0640625
0 0.9421875 0.94140625 0.0484375 0.05625
0 0.6890625 0.1 0.04375 0.08125
0 0.56171875 0.15859375 0.0546875 0.0875
0 0.678125 0.17578125 0.040625 0.0578125
0 0.46015625 0.19921875 0.0484375 0.08125
0 0.13125 0.23359375 0.0375 0.0625