0 0.78359375 0.36875 0.065625 0.1
0 0.58515625 0.484375 0.0578125 0.109375
0 0.41796875 0.51328125 0.0734375 0.1203125
0 0.06171875 0.06328125 0.0484375 0.1125
0 0.20703125 0.66171875 0.0640625 0.1140625
0 0.28203125 0.7171875 0.075 0.109375
0 0.540625 0.78203125 0.0703125 0.1171875
0 0.83125 0.828125 0.0421875 0.0828125
0 0.83984375 0.871875 0.0515625 0.0859375
0 0.8875 0.93203125 0.04375 0.0765625
0 0.52890625 0.978125 0.059375 0.0375
0 0.103125 0.11796875 0.0625 0.109375
0 0.17421875 0.0328125 0.0484375 0.0546875