0 0.725 0.36328125 0.0578125 0.06875
0 0.26875 0.2390625 0.0859375 0.0953125
0 0.32265625 0.375 0.0796875 0.0890625
0 0.70234375 0.6046875 0.065625 0.0765625
0 0.91875 0.73515625 0.0703125 0.0875
0 0.7484375 0.6484375 0.08125 0.09375
0 0.7140625 0.6390625 0.053125 0.0625
0 0.6125 0.6140625 0.0703125 0.084375
0 0.69375 0.69296875 0.0609375 0.0703125
0 0.46484375 0.621875 0.075 0.0828125
0 0.59375 0.73984375 0.0828125 0.1
0 0.32578125 0.77578125 0.0828125 0.096875
0 0.68515625 0.2609375 0.071875 0.084375
0 0.6328125 0.2875 0.065625 0.0796875