0 0.5296875 0.2328125 0.059375 0.0703125
0 0.15703125 0.53359375 0.0859375 0.096875
0 0.3 0.56953125 0.08125 0.090625
0 0.71484375 0.3953125 0.065625 0.0765625
0 0.94375 0.2984375 0.0578125 0.0828125
0 0.778125 0.38359375 0.0828125 0.09375
0 0.75 0.40625 0.053125 0.0625
0 0.66953125 0.47421875 0.071875 0.0859375
0 0.78203125 0.4546875 0.0609375 0.0703125
0 0.5875 0.6 0.075 0.084375
0 0.76015625 0.56484375 0.0828125 0.1
0 0.63125 0.8046875 0.0828125 0.1
0 0.7796875 0.0140625 0.065625 0.028125
0 0.42265625 0.20625 0.0734375 0.0859375
0 0.41328125 0.26328125 0.065625 0.08125