0 0.09765625 0.3875 0.0640625 0.090625
0 0.6421875 0.3171875 0.071875 0.1015625
0 0.640625 0.37578125 0.0609375 0.0671875
0 0.15625 0.50859375 0.053125 0.0640625
0 0.2859375 0.0703125 0.053125 0.06875
0 0.4515625 0.0375 0.071875 0.075
0 0.38515625 0.53046875 0.0484375 0.084375
0 0.58359375 0.48359375 0.071875 0.1015625
0 0.48203125 0.55625 0.0453125 0.075
0 0.1328125 0.71015625 0.04375 0.0640625
0 0.48359375 0.71171875 0.0859375 0.13125
0 0.0640625 0.14296875 0.04375 0.05625
0 0.83828125 0.85 0.0765625 0.0859375
0 0.7015625 0.9328125 0.0546875 0.065625
0 0.56796875 0.971875 0.0609375 0.053125
0 0.63046875 0.04296875 0.0609375 0.0859375
0 0.509375 0.125 0.0703125 0.0984375
0 0.63359375 0.12109375 0.053125 0.0671875
0 0.4109375 0.1859375 0.0640625 0.090625
0 0.07578125 0.28125 0.0484375 0.071875