0 0.39609375 0.2578125 0.0984375 0.125
0 0.56328125 0.40390625 0.10625 0.1328125
0 0.25625 0.25703125 0.1078125 0.134375
0 0.490625 0.39296875 0.075 0.0875
0 0.41484375 0.39609375 0.0796875 0.096875
0 0.28515625 0.34375 0.0984375 0.115625
0 0.19921875 0.3609375 0.096875 0.115625
0 0.615625 0.86640625 0.096875 0.1171875
0 0.31640625 0.80703125 0.109375 0.1265625
0 0.49453125 0.9171875 0.1078125 0.1296875
0 0.3765625 0.9359375 0.0703125 0.0796875
0 0.54375 0.05 0.0671875 0.084375
0 0.30546875 0.93828125 0.06875 0.059375