0 0.175 0.2484375 0.075 0.096875
0 0.6078125 0.36171875 0.0859375 0.115625
0 0.56484375 0.50859375 0.040625 0.09375
0 0.325 0.55546875 0.09375 0.0921875
0 0.17890625 0.5546875 0.0546875 0.1046875
0 0.92265625 0.728125 0.096875 0.0953125
0 0.659375 0.68125 0.115625 0.1515625
0 0.74140625 0.7296875 0.065625 0.1046875
0 0.36328125 0.06015625 0.1296875 0.1203125
0 0.02265625 0.67109375 0.0453125 0.1421875
0 0.790625 0.93828125 0.103125 0.1203125
0 0.246875 0.93125 0.0796875 0.06875
0 0.2296875 0.1171875 0.10625 0.1328125
0 0.9625 0.284375 0.071875 0.1375