0 0.55234375 0.36953125 0.075 0.171875
0 0.79453125 0.37421875 0.1109375 0.1875
0 0.47734375 0.38671875 0.090625 0.125
0 0.26015625 0.409375 0.0578125 0.125
0 0.94375 0.40234375 0.0625 0.1546875
0 0.87421875 0.45625 0.0953125 0.215625
0 0.578125 0.0453125 0.078125 0.090625
0 0.409375 0.48984375 0.0765625 0.1515625
0 0.19609375 0.54140625 0.04375 0.109375
0 0.10546875 0.58828125 0.096875 0.1984375
0 0.9 0.67421875 0.09375 0.16875
0 0.603125 0.68984375 0.109375 0.190625
0 0.059375 0.75078125 0.084375 0.1515625
0 0.14140625 0.759375 0.0796875 0.1109375
0 0.3640625 0.7734375 0.0921875 0.1484375
0 0.89140625 0.77734375 0.0703125 0.0921875
0 0.43125 0.9 0.0890625 0.14375
0 0.459375 0.0984375 0.0859375 0.184375