0 0.14453125 0.3171875 0.0453125 0.0796875
0 0.9203125 0.034375 0.05 0.06875
0 0.66953125 0.36796875 0.05 0.0890625
0 0.65546875 0.42265625 0.0484375 0.0546875
0 0.17265625 0.4421875 0.040625 0.0546875
0 0.38984375 0.0453125 0.0375 0.0828125
0 0.5515625 0.04921875 0.05625 0.0984375
0 0.3828125 0.5125 0.0296875 0.0765625
0 0.57890625 0.5109375 0.05 0.0890625
0 0.4671875 0.55703125 0.0296875 0.06875
0 0.1078125 0.62578125 0.03125 0.05625
0 0.43671875 0.703125 0.0578125 0.1171875
0 0.165625 0.08046875 0.0328125 0.0484375
0 0.94921875 0.828125 0.046875 0.0859375
0 0.73828125 0.91015625 0.059375 0.071875
0 0.5921875 0.96328125 0.0421875 0.065625
0 0.45859375 0.97109375 0.05 0.0546875
0 0.93046875 0.96796875 0.0484375 0.04375
0 0.71953125 0.10625 0.040625 0.0796875
0 0.58671875 0.159375 0.05 0.0859375
0 0.70390625 0.1828125 0.0390625 0.05625
0 0.48203125 0.19453125 0.0453125 0.0796875
0 0.146875 0.2125 0.034375 0.0625