0 0.55078125 0.25390625 0.084375 0.0890625
0 0.8140625 0.1078125 0.0625 0.0734375
0 0.721875 0.29375 0.0765625 0.08125
0 0.50703125 0.52890625 0.0765625 0.08125
0 0.71953125 0.50390625 0.0796875 0.084375
0 0.67734375 0.55546875 0.0734375 0.0765625
0 0.68984375 0.684375 0.075 0.078125
0 0.94765625 0.50078125 0.0984375 0.10625
0 0.0203125 0.34296875 0.040625 0.0765625
0 0.31796875 0.171875 0.071875 0.0796875
0 0.2171875 0.28984375 0.0765625 0.08125
0 0.30859375 0.2421875 0.078125 0.08125
0 0.62421875 0.07890625 0.0890625 0.0953125
0 0.03671875 0.25703125 0.0734375 0.071875