0 0.2546875 0.171875 0.0734375 0.090625
0 0.70390625 0.44765625 0.08125 0.1
0 0.66640625 0.48984375 0.065625 0.06875
0 0.22578125 0.29609375 0.0578125 0.065625
0 0.59375 0.04140625 0.06875 0.0828125
0 0.73671875 0.11015625 0.0875 0.1078125
0 0.38359375 0.45 0.0578125 0.08125
0 0.559375 0.53515625 0.08125 0.1
0 0.43984375 0.528125 0.053125 0.0734375
0 0.0875 0.43203125 0.05 0.0640625
0 0.3484375 0.64453125 0.0984375 0.128125
0 0.75390625 0.965625 0.0796875 0.065625
0 0.5296875 0.9578125 0.084375 0.08125
0 0.3734375 0.94921875 0.0671875 0.0828125
0 0.24921875 0.89765625 0.0703125 0.0765625
0 0.86171875 0.23515625 0.06875 0.0890625
0 0.7203125 0.22421875 0.0796875 0.096875
0 0.81484375 0.296875 0.0578125 0.0671875
0 0.6109375 0.21015625 0.0734375 0.090625
0 0.30234375 0.0796875 0.05625 0.0703125