0 0.121875 0.36328125 0.0703125 0.09375
0 0.5625 0.3375 0.08125 0.1109375
0 0.5671875 0.4875 0.0375 0.0921875
0 0.35703125 0.6046875 0.090625 0.0890625
0 0.21953125 0.6484375 0.05 0.1015625
0 0.959375 0.584375 0.078125 0.09375
0 0.7078125 0.61953125 0.109375 0.1453125
0 0.7984375 0.64140625 0.0609375 0.1015625
0 0.23359375 0.1078125 0.1234375 0.1609375
0 0.08046875 0.81328125 0.0953125 0.1375
0 0.91328125 0.8375 0.0953125 0.15
0 0.39921875 0.97265625 0.0796875 0.0515625
0 0.1328125 0.22421875 0.1015625 0.128125
0 0.88828125 0.15078125 0.103125 0.13125