0 0.74140625 0.4546875 0.0984375 0.121875
0 0.53125 0.39921875 0.10625 0.1296875
0 0.8171875 0.5671875 0.1078125 0.13125
0 0.5796875 0.4515625 0.075 0.0859375
0 0.61953125 0.51484375 0.078125 0.09375
0 0.73203125 0.5921875 0.0984375 0.1140625
0 0.76484375 0.67109375 0.096875 0.1125
0 0.12734375 0.609375 0.096875 0.1140625
0 0.3390625 0.81953125 0.109375 0.125
0 0.15234375 0.73515625 0.1078125 0.1265625
0 0.2015625 0.840625 0.06875 0.0765625
0 0.82890625 0.2203125 0.0671875 0.0828125
0 0.23828125 0.90078125 0.06875 0.0609375