0 0.50234375 0.3609375 0.1125 0.18125
0 0.26640625 0.30703125 0.1515625 0.20625
0 0.57109375 0.39609375 0.1171875 0.1421875
0 0.7765625 0.46953125 0.0859375 0.1328125
0 0.11484375 0.2984375 0.096875 0.1625
0 0.1703125 0.3671875 0.14375 0.2296875
0 0.5578125 0.046875 0.096875 0.09375
0 0.6125 0.5125 0.1109375 0.1625
0 0.8078125 0.6140625 0.06875 0.1140625
0 0.88359375 0.68125 0.140625 0.2125
0 0.0921875 0.5734375 0.13125 0.184375
0 0.37734375 0.66015625 0.1515625 0.209375
0 0.88203125 0.85 0.1078125 0.165625
0 0.80703125 0.8390625 0.103125 0.125
0 0.5875 0.79921875 0.1234375 0.1640625
0 0.075 0.675 0.0890625 0.10625
0 0.49140625 0.90546875 0.11875 0.1578125
0 0.65859375 0.11953125 0.1265625 0.1953125