0 0.278125 0.3890625 0.0640625 0.0828125
0 0.01484375 0.51015625 0.0296875 0.0828125
0 0.209375 0.54609375 0.0578125 0.0765625
0 0.51875 0.51640625 0.0578125 0.078125
0 0.37421875 0.66796875 0.0609375 0.078125
0 0.4390625 0.66484375 0.059375 0.06875
0 0.5328125 0.7515625 0.059375 0.071875
0 0.23671875 0.84375 0.071875 0.1015625
0 0.6703125 0.02578125 0.05625 0.0515625
0 0.3515625 0.159375 0.0484375 0.08125
0 0.503125 0.14921875 0.0578125 0.0765625
0 0.4109375 0.19296875 0.0625 0.0734375
0 0.0984375 0.34296875 0.065625 0.090625
0 0.5828125 0.009375 0.065625 0.01875