0 0.88203125 0.6171875 0.103125 0.103125
0 0.5484375 0.33359375 0.1203125 0.1203125
0 0.4546875 0.45 0.08125 0.08125
0 0.55078125 0.66875 0.1109375 0.1109375
0 0.634375 0.7859375 0.0953125 0.0953125
0 0.07578125 0.28203125 0.115625 0.115625
0 0.26328125 0.47109375 0.1578125 0.1578125
0 0.178125 0.43359375 0.1015625 0.1015625
0 0.92890625 0.34453125 0.1390625 0.1765625
0 0.6484375 0.9625 0.146875 0.071875
0 0.02421875 0.52109375 0.0484375 0.1546875
0 0.28984375 0.94609375 0.09375 0.09375
0 0.940625 0.50078125 0.115625 0.1453125
0 0.4015625 0.03203125 0.146875 0.0640625