0 0.9 0.50390625 0.078125 0.090625
0 0.4078125 0.3015625 0.0859375 0.1015625
0 0.39453125 0.35625 0.0671875 0.0703125
0 0.815625 0.6015625 0.0609375 0.0671875
0 0.81015625 0.14765625 0.071875 0.0890625
0 0.6640625 0.07265625 0.090625 0.1078125
0 0.5953125 0.56484375 0.0625 0.08125
0 0.421875 0.47109375 0.0859375 0.1015625
0 0.49921875 0.56484375 0.0578125 0.0734375
0 0.78671875 0.7953125 0.0546875 0.0640625
0 0.45859375 0.709375 0.10625 0.1296875
0 0.98203125 0.284375 0.0328125 0.059375
0 0.09140625 0.75 0.0859375 0.090625
0 0.19765625 0.86484375 0.0671875 0.075
0 0.3125 0.93515625 0.0671875 0.06875
0 0.48828125 0.0453125 0.0734375 0.0890625
0 0.58046875 0.15546875 0.084375 0.0984375
0 0.465625 0.1203125 0.0609375 0.06875
0 0.65703125 0.2359375 0.078125 0.090625
0 0.946875 0.41015625 0.059375 0.0703125