0 0.74140625 0.1734375 0.0921875 0.1046875
0 0.35859375 0.40078125 0.10625 0.1234375
0 0.440625 0.52890625 0.0625 0.0921875
0 0.68125 0.50859375 0.1078125 0.10625
0 0.82109375 0.4671875 0.078125 0.10625
0 0.15703125 0.83671875 0.1125 0.109375
0 0.396875 0.71953125 0.1421875 0.1625
0 0.3328125 0.7890625 0.0859375 0.1078125
0 0.5046875 0.05703125 0.159375 0.1140625
0 0.98203125 0.5296875 0.0328125 0.15
0 0.3484375 0.96796875 0.134375 0.0609375
0 0.859375 0.84609375 0.0875 0.08125
0 0.65390625 0.06875 0.1328125 0.1375
0 0.0234375 0.42890625 0.046875 0.1484375