0 0.590625 0.2328125 0.0453125 0.0671875
0 0.134375 0.40703125 0.06875 0.090625
0 0.26171875 0.4875 0.065625 0.0828125
0 0.71796875 0.44921875 0.05 0.0734375
0 0.9765625 0.42578125 0.0453125 0.0859375
0 0.78359375 0.45859375 0.0640625 0.0890625
0 0.74921875 0.47109375 0.040625 0.059375
0 0.65 0.51171875 0.0546875 0.08125
0 0.76484375 0.52734375 0.0484375 0.0671875
0 0.53125 0.60703125 0.0609375 0.078125
0 0.709375 0.628125 0.0625 0.096875
0 0.5078125 0.82109375 0.0640625 0.09375
0 0.91484375 0.06875 0.05 0.078125
0 0.4953125 0.17265625 0.05625 0.08125
0 0.46796875 0.225 0.05 0.078125