0 0.52578125 0.359375 0.0796875 0.1703125
0 0.76328125 0.35625 0.115625 0.1875
0 0.4515625 0.3796875 0.09375 0.1265625
0 0.2390625 0.40859375 0.0609375 0.1234375
0 0.9109375 0.37890625 0.0671875 0.153125
0 0.84453125 0.434375 0.1015625 0.215625
0 0.53828125 0.04296875 0.0796875 0.0859375
0 0.3890625 0.48359375 0.08125 0.1515625
0 0.18046875 0.54140625 0.0484375 0.109375
0 0.09375 0.590625 0.1015625 0.1984375
0 0.87734375 0.6484375 0.0984375 0.1703125
0 0.5859375 0.67265625 0.1140625 0.190625
0 0.05546875 0.75234375 0.0875 0.1546875
0 0.13515625 0.75703125 0.08125 0.1109375
0 0.35390625 0.7640625 0.0953125 0.15
0 0.871875 0.74921875 0.071875 0.09375
0 0.42421875 0.8859375 0.0921875 0.14375
0 0.425 0.09609375 0.0890625 0.1828125