0 0.425 0.24140625 0.0796875 0.0890625
0 0.1515625 0.12578125 0.0484375 0.0703125
0 0.259375 0.2984375 0.0734375 0.08125
0 0.49765625 0.51015625 0.0734375 0.0828125
0 0.28359375 0.5078125 0.0765625 0.084375
0 0.33046875 0.5546875 0.071875 0.0765625
0 0.33046875 0.684375 0.0734375 0.078125
0 0.05625 0.52734375 0.09375 0.1078125
0 0.9703125 0.27265625 0.05625 0.0765625
0 0.64765625 0.13515625 0.0671875 0.08125
0 0.7609375 0.2421875 0.0734375 0.08125
0 0.6640625 0.20390625 0.0765625 0.08125
0 0.33359375 0.07421875 0.084375 0.0953125
0 0.93046875 0.196875 0.0640625 0.0546875