0 0.46015625 0.36015625 0.0828125 0.16875
0 0.22734375 0.3484375 0.1203125 0.1875
0 0.53203125 0.38125 0.0953125 0.1265625
0 0.740625 0.41796875 0.0640625 0.1234375
0 0.08203125 0.365625 0.0703125 0.1515625
0 0.1453125 0.421875 0.10625 0.2125
0 0.46015625 0.04609375 0.0828125 0.0921875
0 0.590625 0.48515625 0.084375 0.15
0 0.79375 0.54921875 0.05 0.1078125
0 0.8765625 0.6 0.10625 0.196875
0 0.10625 0.6296875 0.1015625 0.16875
0 0.39140625 0.6640625 0.11875 0.1890625
0 0.91015625 0.759375 0.090625 0.15
0 0.83046875 0.76171875 0.0828125 0.1109375
0 0.61484375 0.76015625 0.0984375 0.1484375
0 0.1078125 0.728125 0.0734375 0.09375
0 0.5421875 0.87734375 0.09375 0.1421875
0 0.56796875 0.10546875 0.09375 0.18125