0 0.4640625 0.2234375 0.065625 0.0703125
0 0.15078125 0.5953125 0.0953125 0.0984375
0 0.30078125 0.60390625 0.0890625 0.0921875
0 0.68046875 0.35 0.0734375 0.078125
0 0.890625 0.2078125 0.0671875 0.0765625
0 0.74140625 0.32578125 0.090625 0.096875
0 0.71796875 0.35390625 0.059375 0.0640625
0 0.65078125 0.4375 0.0796875 0.0859375
0 0.75859375 0.39609375 0.06875 0.071875
0 0.59296875 0.57890625 0.0828125 0.0859375
0 0.75859375 0.51015625 0.09375 0.1015625
0 0.6765625 0.77578125 0.09375 0.1
0 0.35234375 0.2171875 0.08125 0.0859375
0 0.3546875 0.2765625 0.075 0.08125