0 0.27109375 0.38046875 0.0609375 0.0828125
0 0.184375 0.53828125 0.05625 0.0765625
0 0.509375 0.5359375 0.0546875 0.0796875
0 0.3453125 0.68046875 0.0578125 0.0796875
0 0.41328125 0.6828125 0.0578125 0.06875
0 0.50234375 0.78203125 0.0578125 0.071875
0 0.1875 0.85 0.06875 0.1046875
0 0.71171875 0.03125 0.0546875 0.0625
0 0.3671875 0.1484375 0.04375 0.0828125
0 0.52578125 0.15078125 0.05625 0.0765625
0 0.4265625 0.1875 0.059375 0.075
0 0.08828125 0.315625 0.0625 0.0921875
0 0.62421875 0.01015625 0.0640625 0.0203125