0 0.35234375 0.2796875 0.078125 0.1265625
0 0.55390625 0.38359375 0.0859375 0.1328125
0 0.2140625 0.3140625 0.0875 0.1328125
0 0.47890625 0.38984375 0.0640625 0.084375
0 0.40390625 0.41171875 0.0640625 0.0953125
0 0.26328125 0.39296875 0.0828125 0.1140625
0 0.1828125 0.43125 0.08125 0.1125
0 0.71875 0.8296875 0.0796875 0.115625
0 0.40859375 0.8453125 0.0921875 0.1234375
0 0.61171875 0.91015625 0.0890625 0.128125
0 0.5 0.9578125 0.059375 0.0765625
0 0.44765625 0.03984375 0.0546875 0.0796875
0 0.43046875 0.97578125 0.0671875 0.0453125