0 0.44375 0.24453125 0.0578125 0.0703125
0 0.84609375 0.52578125 0.0859375 0.0984375
0 0.703125 0.5734375 0.0796875 0.0921875
0 0.265625 0.42421875 0.0640625 0.078125
0 0.0296875 0.34453125 0.04375 0.0796875
0 0.2 0.4171875 0.08125 0.096875
0 0.23046875 0.43828125 0.0515625 0.0640625
0 0.31796875 0.50234375 0.06875 0.0875
0 0.2015625 0.48984375 0.0609375 0.071875
0 0.41015625 0.625 0.0734375 0.084375
0 0.23125 0.6015625 0.08125 0.103125
0 0.38046875 0.8390625 0.08125 0.1015625
0 0.17734375 0.02578125 0.0515625 0.0515625
0 0.55078125 0.20859375 0.0703125 0.0875
0 0.56484375 0.2671875 0.065625 0.0828125