0 0.6953125 0.34140625 0.0515625 0.075
0 0.9859375 0.4046875 0.025 0.078125
0 0.796875 0.48203125 0.046875 0.06875
0 0.48515625 0.5171875 0.0453125 0.071875
0 0.659375 0.63671875 0.0484375 0.071875
0 0.59453125 0.64765625 0.0484375 0.0609375
0 0.52109375 0.7515625 0.05 0.0640625
0 0.83125 0.78046875 0.05625 0.0953125
0 0.23125 0.05546875 0.0453125 0.0640625
0 0.8578125 0.9671875 0.05625 0.0625
0 0.57578125 0.13125 0.034375 0.0765625
0 0.4234375 0.15234375 0.046875 0.06875
0 0.5234375 0.1765625 0.0515625 0.0671875
0 0.86328125 0.25859375 0.0515625 0.084375
0 0.31171875 0.01875 0.0578125 0.0375